40.0076354857
81.2332131987
107.689641823
128.8226804
146.947293323
163.069712222
177.735632538
191.280367793
203.927445756
215.834721864
227.118583985
237.867768352
248.151766567
258.026206576
267.536441086
276.720023379
285.608465155
294.228515609
302.603112058
310.752099681
318.692785431
326.440370535
334.008292629
341.408499563
348.651670874
355.747398631
362.704336426
369.530323102
376.232486265
382.817329481
389.290806185
395.658382711
401.925092323
408.09558178
414.174151653
