28.3436498246
57.5501581405
76.2933740151
91.2652022143
104.105693177
115.52771775
125.917877146
135.513726248
144.473624646
152.909405973
160.903525914
168.518850186
175.804610533
182.800216907
189.537799708
196.04396378
202.34103378
208.447960335
214.380993524
220.154192786
225.779819332
231.268642566
236.63018246
241.872903541
247.004371792
252.03138277
256.960067165
261.795978453
266.544166229
271.209237983
275.795411463
280.306559325
284.746247415
289.117767759
293.42416712
