48.8433996926
99.1737265253
131.473108932
157.273420233
179.400889215
199.083975725
216.988893102
233.525009515
248.965219275
263.502240499
277.278165544
290.401328211
302.956567458
315.011796772
326.622385094
337.83417942
348.685650871
359.209456255
369.433598638
379.382306047
389.076707708
398.53536207
407.774674495
416.809231543
425.652071343
434.314904393
442.808295448
451.141814573
459.324163523
467.363282186
475.266438826
483.040307028
490.691031662
498.224285732
505.645319599
