56.1479121798
114.005120907
151.134864092
180.793602473
206.230226315
228.856911185
249.439502381
268.448588931
286.197876389
302.908903799
318.745013375
333.8307402
348.263610866
362.121695297
375.468642839
388.357156888
400.831461911
412.929098525
424.682257646
436.118790595
447.262986465
458.136179113
468.757227318
479.142899054
489.308182299
499.266538851
509.030113419
518.609907269
528.015923499
537.257289406
546.34236022
555.278807557
564.07369525
572.733544699
581.264391456
